0.000000,0
7.978063,1
18.359835,2
20.655831,3
24.941068,4
31.908321,5
26.271602,6
24.763613,7
27.480143,8
29.665073,9
35.336229,10
39.397574,11
34.078664,12
31.941047,13
25.106740,14
32.106874,15
37.616897,16
37.438188,17
36.389049,18
33.245529,19
43.818653,20
39.563356,21
45.755084,22
42.020805,23
38.791388,24
46.569286,25
52.103786,26
42.176658,27
32.423757,28
33.813352,29
29.330206,30
27.785890,31
29.702431,32
31.767607,33
29.434818,34
26.755643,35
31.920126,36
30.244912,37
30.035984,38
29.434610,39
22.838339,40
25.831792,41
32.607631,42
31.763008,43
34.286672,44
31.068735,45
32.484809,46
24.868680,47
27.889934,48
38.845288,49
43.245160,50
40.612571,51
36.421059,52
31.516114,53
34.291102,54
23.989361,55
22.648426,56
21.458320,57
23.466915,58
34.152312,59
31.510259,60
27.893408,61
28.241676,62
32.893886,63
29.864317,64
32.807212,65
32.165133,66
37.423708,67
31.453987,68
38.744323,69
35.775331,70
34.526681,71
31.141085,72
28.226228,73
27.057281,74
31.891187,75
35.565675,76
39.988683,77
34.487113,78
33.857975,79
28.450147,80
37.404908,81
32.323094,82
35.792598,83
34.014211,84
29.551514,85
33.871429,86
30.009714,87
26.351832,88
20.198361,89
23.656290,90
22.265724,91
25.604655,92
29.168170,93
25.292270,94
30.545105,95
30.069253,96
28.284559,97
35.195484,98
33.474262,99
32.277445,100
30.096247,101
22.102176,102
30.281145,103
37.534122,104
29.190341,105
38.417987,106
36.989837,107
26.120519,108
32.550500,109
30.188626,110
27.602045,111
28.579181,112
32.069916,113
29.823397,114
34.711388,115
43.442750,116
39.322505,117
41.007857,118
28.795208,119
31.009816,120
42.341399,121
42.968853,122
31.681059,123
32.135311,124
36.996442,125
44.335715,126
33.140037,127
33.797809,128
39.120493,129
35.870258,130
30.173297,131
30.589685,132
34.892153,133
33.133573,134
29.612734,135
31.696590,136
38.695102,137
31.519157,138
30.055893,139
29.758608,140
39.286874,141
49.889224,142
47.445543,143
40.592475,144
28.790270,145
25.562176,146
34.524377,147
30.782047,148
35.009335,149
36.994836,150
41.180102,151
36.388420,152
27.769269,153
29.585091,154
26.576520,155
27.223516,156
37.654517,157
43.196921,158
38.881581,159
37.884674,160
43.733872,161
47.549029,162
37.647135,163
34.949133,164
40.860258,165
40.218163,166
42.648681,167
33.976813,168
28.427117,169
26.450944,170
27.317829,171
33.429206,172
33.871881,173
27.344132,174
26.880841,175
31.777278,176
32.016348,177
30.906289,178
28.865642,179
34.901685,180
22.508886,181
27.811070,182
25.844024,183
32.872078,184
26.807858,185
26.324967,186
35.735337,187
36.562981,188
35.374005,189
36.791667,190
32.626904,191
33.381322,192
26.952466,193
31.704653,194
44.257993,195
39.651135,196
37.356853,197
33.040885,198
35.452967,199
27.961490,200
24.516460,201
26.535949,202
38.218215,203
25.158733,204
31.109806,205
25.796130,206
29.423309,207
31.027030,208
34.358300,209
38.288026,210
31.964806,211
34.820117,212
30.928711,213
27.617662,214
29.680872,215
34.456633,216
34.097886,217
38.783512,218
35.244644,219
36.545301,220
33.546295,221
24.323084,222
32.344202,223
31.488627,224
29.633450,225
24.358061,226
33.093878,227
34.461037,228
28.421009,229
33.214295,230
44.204230,231
46.087846,232
43.887822,233
38.603045,234
38.737670,235
28.854364,236
36.175195,237
31.517767,238
30.361583,239
28.663343,240
36.142751,241
35.176587,242
43.135087,243
41.116788,244
46.692633,245
41.031974,246
37.450074,247
32.518731,248
34.549252,249
34.551953,250
32.540919,251
43.153443,252
27.223897,253
26.140110,254
24.312068,255
29.262095,256
37.366684,257
35.207459,258
36.931798,259
35.502415,260
27.249071,261
27.361174,262
27.194287,263
31.638911,264
25.293609,265
26.752725,266
27.437609,267
25.765912,268
28.325704,269
35.000405,270
28.333074,271
30.629753,272
33.295250,273
30.176512,274
23.059740,275
20.340961,276
25.491893,277
27.922565,278
25.265336,279
31.197502,280
25.280537,281
29.232279,282
32.424234,283
29.873717,284
38.914526,285
38.803570,286
34.339873,287
32.985984,288
35.704927,289
43.656179,290
36.497227,291
40.083033,292
40.420740,293
35.553409,294
35.849150,295
35.100658,296
31.402890,297
31.392566,298
40.159863,299
35.368755,300
30.422118,301
26.826492,302
40.066972,303
41.664610,304
39.482807,305
32.868548,306
37.166390,307
31.373582,308
29.996922,309
29.887446,310
32.258944,311
39.464999,312
31.880796,313
29.521747,314
28.801447,315
35.982999,316
33.761374,317
36.507540,318
37.049041,319
36.030073,320
37.232429,321
29.594125,322
34.850757,323
30.735858,324
27.434892,325
35.835161,326
31.003286,327
34.803264,328
32.316300,329
40.190347,330
32.754843,331
30.181393,332
25.774016,333
32.139378,334
30.266982,335
31.236176,336
33.188853,337
29.774221,338
27.572310,339
25.884106,340
27.505170,341
26.835608,342
27.986001,343
29.170129,344
35.330369,345
34.078298,346
27.974306,347
34.001278,348
26.659942,349
33.097639,350
34.092869,351
40.417651,352
37.624484,353
41.219082,354
38.720654,355
30.553738,356
30.513559,357
31.461128,358
38.275801,359
36.277436,360
37.881773,361
35.650722,362
38.027093,363
37.806492,364
31.279548,365
36.147644,366
35.066931,367
39.195204,368
35.730998,369
29.923647,370
24.610404,371
24.834614,372
37.721326,373
37.646738,374
31.531209,375
36.044170,376
30.960611,377
34.904734,378
37.467800,379
29.465261,380
31.357327,381
37.675323,382
37.901412,383
34.937674,384
33.865601,385
33.626718,386
29.267195,387
31.881857,388
36.714591,389
27.418220,390
26.303655,391
27.239060,392
24.848806,393
21.003435,394
23.792075,395
24.124402,396
23.073910,397
25.495618,398
24.087274,399
30.244707,400
29.939090,401
25.606059,402
30.917800,403
31.314164,404
32.940190,405
35.087945,406
30.521066,407
30.837012,408
34.237486,409
32.958318,410
28.260282,411
35.073941,412
34.234421,413
33.969825,414
40.295629,415
35.131292,416
35.572885,417
36.848277,418
39.184048,419
47.348519,420
54.932903,421
59.881371,422
41.386829,423
40.000509,424
38.870759,425
37.402863,426
33.678720,427
29.026122,428
30.648024,429
38.530263,430
46.891295,431
35.951220,432
41.621239,433
41.128073,434
44.313437,435
35.248026,436
29.716254,437
30.377475,438
27.467623,439
28.893625,440
30.036382,441
32.315433,442
32.592793,443
34.238611,444
40.159373,445
31.868717,446
35.142663,447
36.122671,448
29.293144,449
38.346342,450
39.469744,451
34.467648,452
32.957499,453
30.236835,454
27.584036,455
30.517317,456
33.098509,457
30.670432,458
32.628989,459
31.758004,460
30.907342,461
33.695798,462
33.378575,463
35.520823,464
33.935730,465
31.233998,466
42.978164,467
40.733930,468
37.333663,469
36.129523,470
39.400138,471
34.404679,472
33.254302,473
20.660060,474
24.003684,475
30.411379,476
39.706295,477
42.814298,478
29.710668,479
36.077435,480
38.628841,481
22.750740,482
21.741241,483
23.623404,484
28.107172,485
29.054433,486
25.416411,487
22.104283,488
24.717494,489
32.699188,490
30.879278,491
31.912880,492
31.686708,493
33.994197,494
42.125627,495
29.941417,496
30.660481,497
34.719773,498
39.103344,499
