14.901232,0
25.230429,1
29.759828,2
30.391304,3
27.136670,4
35.438788,5
22.244917,6
27.747225,7
22.087184,8
22.105507,9
24.818972,10
28.119057,11
30.986954,12
21.828016,13
26.059588,14
31.822341,15
31.580617,16
34.696094,17
27.959542,18
27.518393,19
29.596823,20
25.999823,21
33.413116,22
31.864193,23
33.450418,24
26.171889,25
26.062302,26
24.653207,27
32.793746,28
27.876154,29
42.106382,30
35.570479,31
30.299184,32
26.890706,33
34.441079,34
31.786178,35
32.339167,36
28.627223,37
29.494586,38
33.414426,39
34.032744,40
32.516988,41
26.340473,42
31.909653,43
32.756821,44
35.915156,45
30.980706,46
32.958706,47
33.256670,48
31.926304,49
26.484715,50
33.428113,51
36.812526,52
34.761790,53
32.238846,54
39.107083,55
32.599033,56
31.624195,57
33.266535,58
35.024788,59
30.410156,60
22.733257,61
27.682466,62
35.495215,63
26.712641,64
26.045730,65
33.010923,66
34.188650,67
30.139927,68
30.105606,69
25.060378,70
23.699077,71
30.659016,72
31.318099,73
33.498500,74
45.020119,75
44.088857,76
44.976710,77
39.128435,78
32.676264,79
40.075003,80
37.384448,81
35.034308,82
30.812580,83
33.008547,84
39.252529,85
40.969299,86
38.663246,87
33.466401,88
29.227948,89
41.445697,90
36.934214,91
27.868482,92
27.150182,93
27.200741,94
29.830935,95
34.975258,96
29.949649,97
26.747520,98
30.928189,99
